title:EinsteinWolfman
description:DIM_Wish_List

// Gunburn ()
dimwishlist:item=3431536253&perks=3966296580,1709045111,1409206216,859780267
dimwishlist:item=3431536253&perks=3966296580,1709045111,1409206216,1549370717
dimwishlist:item=3431536253&perks=3966296580,1709045111,1409206216,2138673996
dimwishlist:item=3431536253&perks=3966296580,1709045111,3914874605,859780267
dimwishlist:item=3431536253&perks=3966296580,1709045111,3914874605,1549370717
dimwishlist:item=3431536253&perks=3966296580,1709045111,3914874605,2138673996
dimwishlist:item=3431536253&perks=3966296580,1709045111,494941759,859780267
dimwishlist:item=3431536253&perks=3966296580,1709045111,494941759,1549370717
dimwishlist:item=3431536253&perks=3966296580,1709045111,494941759,2138673996
dimwishlist:item=3431536253&perks=3966296580,1002206008,1409206216,859780267
dimwishlist:item=3431536253&perks=3966296580,1002206008,1409206216,1549370717
dimwishlist:item=3431536253&perks=3966296580,1002206008,1409206216,2138673996
dimwishlist:item=3431536253&perks=3966296580,1002206008,3914874605,859780267
dimwishlist:item=3431536253&perks=3966296580,1002206008,3914874605,1549370717
dimwishlist:item=3431536253&perks=3966296580,1002206008,3914874605,2138673996
dimwishlist:item=3431536253&perks=3966296580,1002206008,494941759,859780267
dimwishlist:item=3431536253&perks=3966296580,1002206008,494941759,1549370717
dimwishlist:item=3431536253&perks=3966296580,1002206008,494941759,2138673996
dimwishlist:item=3431536253&perks=3966296580,1783397184,1409206216,859780267
dimwishlist:item=3431536253&perks=3966296580,1783397184,1409206216,1549370717
dimwishlist:item=3431536253&perks=3966296580,1783397184,1409206216,2138673996
dimwishlist:item=3431536253&perks=3966296580,1783397184,3914874605,859780267
dimwishlist:item=3431536253&perks=3966296580,1783397184,3914874605,1549370717
dimwishlist:item=3431536253&perks=3966296580,1783397184,3914874605,2138673996
dimwishlist:item=3431536253&perks=3966296580,1783397184,494941759,859780267
dimwishlist:item=3431536253&perks=3966296580,1783397184,494941759,1549370717
dimwishlist:item=3431536253&perks=3966296580,1783397184,494941759,2138673996
dimwishlist:item=3431536253&perks=2860123632,1709045111,1409206216,859780267
dimwishlist:item=3431536253&perks=2860123632,1709045111,1409206216,1549370717
dimwishlist:item=3431536253&perks=2860123632,1709045111,1409206216,2138673996
dimwishlist:item=3431536253&perks=2860123632,1709045111,3914874605,859780267
dimwishlist:item=3431536253&perks=2860123632,1709045111,3914874605,1549370717
dimwishlist:item=3431536253&perks=2860123632,1709045111,3914874605,2138673996
dimwishlist:item=3431536253&perks=2860123632,1709045111,494941759,859780267
dimwishlist:item=3431536253&perks=2860123632,1709045111,494941759,1549370717
dimwishlist:item=3431536253&perks=2860123632,1709045111,494941759,2138673996
dimwishlist:item=3431536253&perks=2860123632,1002206008,1409206216,859780267
dimwishlist:item=3431536253&perks=2860123632,1002206008,1409206216,1549370717
dimwishlist:item=3431536253&perks=2860123632,1002206008,1409206216,2138673996
dimwishlist:item=3431536253&perks=2860123632,1002206008,3914874605,859780267
dimwishlist:item=3431536253&perks=2860123632,1002206008,3914874605,1549370717
dimwishlist:item=3431536253&perks=2860123632,1002206008,3914874605,2138673996
dimwishlist:item=3431536253&perks=2860123632,1002206008,494941759,859780267
dimwishlist:item=3431536253&perks=2860123632,1002206008,494941759,1549370717
dimwishlist:item=3431536253&perks=2860123632,1002206008,494941759,2138673996
dimwishlist:item=3431536253&perks=2860123632,1783397184,1409206216,859780267
dimwishlist:item=3431536253&perks=2860123632,1783397184,1409206216,1549370717
dimwishlist:item=3431536253&perks=2860123632,1783397184,1409206216,2138673996
dimwishlist:item=3431536253&perks=2860123632,1783397184,3914874605,859780267
dimwishlist:item=3431536253&perks=2860123632,1783397184,3914874605,1549370717
dimwishlist:item=3431536253&perks=2860123632,1783397184,3914874605,2138673996
dimwishlist:item=3431536253&perks=2860123632,1783397184,494941759,859780267
dimwishlist:item=3431536253&perks=2860123632,1783397184,494941759,1549370717
dimwishlist:item=3431536253&perks=2860123632,1783397184,494941759,2138673996
dimwishlist:item=3431536253&perks=111235976,1709045111,1409206216,859780267
dimwishlist:item=3431536253&perks=111235976,1709045111,1409206216,1549370717
dimwishlist:item=3431536253&perks=111235976,1709045111,1409206216,2138673996
dimwishlist:item=3431536253&perks=111235976,1709045111,3914874605,859780267
dimwishlist:item=3431536253&perks=111235976,1709045111,3914874605,1549370717
dimwishlist:item=3431536253&perks=111235976,1709045111,3914874605,2138673996
dimwishlist:item=3431536253&perks=111235976,1709045111,494941759,859780267
dimwishlist:item=3431536253&perks=111235976,1709045111,494941759,1549370717
dimwishlist:item=3431536253&perks=111235976,1709045111,494941759,2138673996
dimwishlist:item=3431536253&perks=111235976,1002206008,1409206216,859780267
dimwishlist:item=3431536253&perks=111235976,1002206008,1409206216,1549370717
dimwishlist:item=3431536253&perks=111235976,1002206008,1409206216,2138673996
dimwishlist:item=3431536253&perks=111235976,1002206008,3914874605,859780267
dimwishlist:item=3431536253&perks=111235976,1002206008,3914874605,1549370717
dimwishlist:item=3431536253&perks=111235976,1002206008,3914874605,2138673996
dimwishlist:item=3431536253&perks=111235976,1002206008,494941759,859780267
dimwishlist:item=3431536253&perks=111235976,1002206008,494941759,1549370717
dimwishlist:item=3431536253&perks=111235976,1002206008,494941759,2138673996
dimwishlist:item=3431536253&perks=111235976,1783397184,1409206216,859780267
dimwishlist:item=3431536253&perks=111235976,1783397184,1409206216,1549370717
dimwishlist:item=3431536253&perks=111235976,1783397184,1409206216,2138673996
dimwishlist:item=3431536253&perks=111235976,1783397184,3914874605,859780267
dimwishlist:item=3431536253&perks=111235976,1783397184,3914874605,1549370717
dimwishlist:item=3431536253&perks=111235976,1783397184,3914874605,2138673996
dimwishlist:item=3431536253&perks=111235976,1783397184,494941759,859780267
dimwishlist:item=3431536253&perks=111235976,1783397184,494941759,1549370717
dimwishlist:item=3431536253&perks=111235976,1783397184,494941759,2138673996


